1	2	1	3	1	2
1	2	121	35	1	6	5	2
1	3	1	40	1	3
1	3	121	27	1	5	6	3
1	4	1	44	1	4
1	4	121	30	1	5	6	4
1	5	1	10	1	5
1	5	12	27	1	6	5
1	6	1	20	1	6
1	6	12	17	1	5	6
2	1	1	3	2	1
2	1	121	35	2	6	5	1
2	3	1	37	2	3
2	3	121	25	2	5	6	3
2	4	1	40	2	4
2	4	121	28	2	5	6	4
2	5	1	8	2	5
2	5	12	25	2	6	5
2	6	1	18	2	6
2	6	12	15	2	5	6
3	1	1	40	3	1
3	1	121	27	3	6	5	1
3	2	1	37	3	2
3	2	121	25	3	6	5	2
3	4	1	3	3	4
3	4	121	40	3	6	5	4
3	5	1	20	3	5
3	5	12	17	3	6	5
3	6	1	10	3	6
3	6	12	27	3	5	6
4	1	1	44	4	1
4	1	121	30	4	6	5	1
4	2	1	40	4	2
4	2	121	28	4	6	5	2
4	3	1	3	4	3
4	3	121	40	4	6	5	3
4	5	1	23	4	5
4	5	12	20	4	6	5
4	6	1	13	4	6
4	6	12	30	4	5	6
5	1	1	10	5	1
5	1	21	27	5	6	1
5	2	1	8	5	2
5	2	21	25	5	6	2
5	3	1	20	5	3
5	3	21	17	5	6	3
5	4	1	23	5	4
5	4	21	20	5	6	4
5	6	2	7	5	6
6	1	1	20	6	1
6	1	21	17	6	5	1
6	2	1	18	6	2
6	2	21	15	6	5	2
6	3	1	10	6	3
6	3	21	27	6	5	3
6	4	1	13	6	4
6	4	21	30	6	5	4
6	5	2	7	6	5
